	P9	P11	P12	P15	P19	P21	P22	P24	P30	P1	P27	P3	P4	P7
TLR8	16.1053928	15.72563079	15.23423349	15.35403481	15.64811253	15.5686899	16.13426357	17.4863785	16.82690567	17.78751717	15.52361241	18.2874116	18.40206708	17.87582901
PTPN7	18.29340016	17.88304318	17.02466511	17.26549813	17.86934662	17.17637248	17.37655555	18.95388342	19.28268026	20.50803163	17.43707241	19.81698553	20.36554121	20.01993024
GBP1	20.43935798	20.92494714	20.63528713	20.40486815	21.22188735	20.93259519	20.26659669	21.89539221	21.87858614	23.29230293	20.8531169	22.54062032	22.65587382	22.94931805
TIGIT	17.02522245	16.26245677	15.7280481	16.43095218	14.80173572	15.08326308	15.24974079	17.73449348	18.31493899	18.54101355	15.43865033	18.80659619	19.35272856	19.40307602
IKZF3	19.61087179	18.49840261	16.90954249	18.60051529	17.25718748	18.58066254	18.70355662	20.41518745	20.11333768	21.62969223	18.14612177	20.7584055	21.62676739	20.17576811
PSMB9	19.18041655	19.3952686	20.02200282	18.82342467	19.2133537	19.22948382	18.50994664	20.19037604	20.5631406	20.49001817	19.08875406	21.28537245	21.52451132	21.24545385
IL10RA	20.33431547	19.8938937	19.73716675	19.21674596	19.16460936	18.56180352	19.47806617	20.8700188	20.53183365	21.33168444	18.98105295	21.06615079	21.99054911	22.04710044
CD8A	19.43121481	17.10184055	17.03315157	18.87759677	17.81803753	17.76133498	17.69225903	19.77004424	20.01136676	21.70349648	18.15232309	21.20062783	21.24868144	21.7046722
IL7	16.95771563	16.3377449	16.00322794	16.41457635	15.83771501	15.483801	17.53166091	18.1799515	17.44198816	17.74947781	15.91203079	18.64635453	19.04233696	17.85137597
CXCR3	11.15897384	11.45510185	10.20448615	10.44714421	10.1723791	10.43940689	11.70130417	14.07252791	12.10808742	14.52340973	10.35297673	14.44429691	14.92259771	13.30293935
IL2RB	18.70972063	17.95015738	17.42365467	17.40797362	17.56898388	16.5686899	16.76308037	18.5040805	19.26661296	20.14598455	17.18188247	19.90372853	20.37950493	20.44453562
CTLA4	15.74393634	15.02799152	13.82897701	15.68963784	14.90029955	14.06389775	14.23735707	16.42451324	17.86653274	18.12756579	14.88461171	17.30093274	17.86240293	17.33856326
CCR5	19.58314013	18.11474104	17.79943274	18.54442391	17.92392316	18.42809157	18.65898665	19.66616475	19.71689666	21.27280033	18.29881288	21.40695848	21.46145817	20.78997543
IL18	19.1988068	18.49072576	18.56642992	19.52052073	18.39758653	18.27018615	20.15580911	21.3053906	20.72255189	20.3778329	18.72943114	21.32363179	21.45906911	20.1855824
ITGAL	18.91274772	17.28799187	17.40088336	18.07858114	17.50105402	17.74014076	16.94923168	19.01318925	19.09752923	19.70402933	17.77325864	20.04541518	21.10135831	20.52404307
OAS2	20.02933856	19.07715367	18.66391777	18.86318771	19.05349306	18.37211377	19.80878281	19.60514017	20.46387897	20.2134077	18.76293151	20.72569442	21.11811189	20.72079186
TAGAP	18.25700592	16.99115475	18.58097334	17.6270533	17.96841871	17.483801	17.69678869	19.04376892	19.4562254	19.70402933	17.693091	20.29891263	20.71150423	19.62846968
CD27	16.73891827	15.25211483	15.37441115	16.97963929	15.36220366	14.5548841	14.88717071	17.25086515	18.13045524	18.80219103	15.63224235	18.68605466	19.32282033	18.76891381
TARP	18.95338971	16.3905616	17.23054844	18.42769185	17.6998561	17.04426894	17.16727863	19.35012121	19.0069407	19.80086319	17.72393896	20.88454881	21.26381715	19.94967804
NKG7	19.04467021	17.95972224	17.86982206	18.57789862	18.72408736	17.76133498	17.01600069	19.23822833	20.04747074	21.60517846	18.35444032	21.6022583	21.47511903	22.09930348
CD3E	19.73135828	17.64294876	17.68021958	18.54442391	17.50329598	18.03186392	17.53924741	19.78749641	19.69755131	21.42255082	18.02652794	20.38013888	21.19513778	20.92645509
FYB	20.39976517	19.64492641	19.21104599	20.45036093	19.82432771	19.41859387	20.46948849	22.76372044	20.84008521	22.47083794	19.89776084	22.03007151	22.67491402	21.1596761
NCF1	18.95771563	18.85341802	18.85314332	18.10637563	18.66423219	18.04920124	18.83264671	19.59030089	20.22252386	20.44312436	18.27326969	20.8723741	21.34627931	21.10513256
BATF	18.53546103	19.55049887	17.93693626	17.08273279	18.05043001	17.29738788	18.53798576	20.1094245	19.24422411	20.0938076	17.47685023	20.06615079	20.62357087	19.44044287
CD6	18.36680163	16.03404057	16.53838688	17.16921985	16.96354199	16.79695889	17.44277115	18.21906309	18.19696398	19.62444743	16.97657358	19.29418801	19.99282189	19.43222236
CD3G	20.6594838	18.50058851	18.14112409	20.04493075	19.26645678	19.09999709	18.53039261	20.88664654	20.45386226	21.86929014	19.47046154	21.93939567	22.71162968	21.17945629
CCL5	19.75950626	17.55734005	18.89681105	19.7456978	19.19682622	18.60431381	18.56796492	20.35451893	20.55324025	22.92680224	19.18227928	22.41335279	22.53928792	21.47386587
CD38	18.62249821	16.75522558	15.78944865	18.46236012	17.69789991	18.3240862	16.94923168	19.11461925	20.20647048	20.45245674	18.16144874	21.07128846	21.21898452	20.26178202
TNFAIP8	17.83610619	18.45847921	17.88631019	18.32716498	15.91384608	17.06876351	18.19315726	19.44939586	18.66880238	19.63938229	17.10325819	20.18685671	20.34239587	19.47686628
ITGAE	17.92495052	17.54891553	17.35423327	18.07754136	16.31193045	17.30152761	18.00325756	18.89337868	18.7691529	18.85943802	17.23033314	18.57469355	18.66717284	17.94679554
IL2RG	19.12668044	18.16934737	18.93127196	19.33458245	18.36467191	18.18536126	18.38078427	19.86967745	20.10958945	20.80384911	18.62820521	21.20170945	21.56395477	20.10771572
IFI35	17.95771563	19.2338361	19.37357601	17.3210277	18.64100314	17.7940236	17.81816793	19.38110645	19.53379288	20.22335393	17.91868481	19.71865932	19.82485686	20.94390726
IKZF1	20.25173098	19.67668897	18.99890201	19.68281658	18.7667037	19.09523572	19.06937404	20.67751999	20.62850967	21.45309084	19.18158533	21.6955554	21.96867232	20.95685922
CD69	18.52675259	17.91617197	19.20917479	17.75353146	18.11635901	16.8768122	17.53924741	19.74569749	19.79271917	19.45499149	17.58223422	20.1235868	20.70849025	19.64634717
CXCL10	19.9506794	18.71248969	17.51434141	19.21485576	21.00190365	20.66662169	17.8551095	20.12609659	21.18401219	22.43544363	20.29446037	22.86897392	22.69218129	23.10771572
CD247	17.3121036	16.277832	16.0457884	16.72990171	16.22222765	16.2207666	15.36806076	17.22974186	17.87008181	18.57714171	16.39096532	18.78173801	19.40827223	18.68837038
STAT1	22.14694837	21.42592675	21.62356851	21.93505601	21.68326686	22.08221073	22.34705265	22.15579728	23.30509929	24.13387436	21.90017787	23.82730058	23.65319848	23.65255232
IRF1	19.86403019	19.59106759	19.68897341	18.53157299	20.05272791	19.20979548	19.0763436	20.16110696	20.62981871	21.26535817	19.26469879	20.75595319	21.16833323	22.41720225
IFNG	14.21786753	11.94052868	12.78944865	14.86860798	14.38183246	13.9837274	12.7716935	14.49702574	16.31493899	19.15172507	14.41138928	17.87146817	17.83318279	18.45674468
PDCD1LG2	18.08971118	18.75339358	18.63633193	16.87819403	17.97489546	17.12590741	17.79722859	18.39824759	18.69104479	19.30570595	17.3263323	19.15668448	19.74571995	19.62125619
CSF2RB	20.20200112	19.92107632	19.80253865	19.38167756	20.43212236	19.23814868	19.64323209	20.71866025	20.24080134	21.54061583	19.68398287	21.2337865	21.66328662	21.77867278
HLA.F	16.55700491	15.97237755	16.57952558	15.51630624	16.03656524	16.86567164	17.22799901	17.47565209	17.37112183	17.15484666	16.13951437	17.27923767	17.562008	18.48085714
HAVCR2	18.07385723	18.7423525	19.16834555	18.12158872	18.90369813	18.3240862	19.26735821	19.77369756	19.50953586	19.84726871	18.44979102	20.72418979	20.6779989	21.00753469
TAP1	20.9373248	20.29525033	21.11837285	20.00392395	20.40689718	21.21309559	20.53514301	21.40744803	21.96834674	22.00967014	20.54130557	22.25946381	22.21261656	23.70275131
IL15	15.70329436	16.24169821	15.59680357	13.80971429	15.05502215	15.90972682	15.89507591	16.38684282	16.74035564	17.83239877	14.92482109	16.5386243	17.21651143	17.73589875
TYROBP	22.5087158	23.12513841	23.84518298	21.94755932	22.21086947	22.10725763	23.25286825	24.5417145	23.34238595	23.54800526	22.08856214	24.97844203	24.7779454	24.59341904
CD3D	20.18365181	18.16384089	18.44289089	19.35188634	18.5122291	18.32204993	18.20433481	19.64398119	20.17525285	20.77911277	18.72872179	21.15482414	21.93124181	20.76400946
CD226	18.18319008	16.75155926	16.83384277	16.85167759	15.76483613	17.08806406	17.55180358	18.00201994	18.31363633	19.09218019	16.56819259	19.21641083	18.99694505	18.16092034
SIT1	16.81718532	15.32299832	15.11137674	16.18668375	16.42504453	15.313876	15.03758756	16.44665222	16.95608433	18.21390664	15.97520143	18.01947839	18.49362102	17.88790185
PDCD1	16.00027609	14.65673571	14.76927077	15.03210671	15.42030661	14.6873344	15.21226609	16.35598186	17.03724718	18.73703474	15.04658257	16.60116576	17.89104298	18.94101318
AIF1	18.54555489	19.7307608	19.56203815	18.76649376	18.98053887	18.18311931	19.38289398	20.37630866	19.90380243	19.98868459	18.64338398	21.2826491	21.23582961	20.45876952
CYBB	20.10441768	20.77905731	21.00214767	19.55976989	20.16070875	19.29842393	20.26201912	21.37366306	21.07079067	21.38759587	19.67296752	22.03897457	22.63869165	22.91580784
GZMB	16.92715817	16.55523852	15.01184107	17.5823038	18.62770632	14.52686973	14.97928891	17.89606276	19.27868018	19.99276082	16.91229328	18.80469916	19.20229757	19.8575282
VCAM1	18.9337609	19.54362511	19.47361283	19.78985387	18.52110725	18.395541	19.89409013	21.41144019	20.17740292	20.84243664	18.90216737	20.95850449	21.46711639	19.78836617
TBX21	16.32220419	13.41857598	14.07895526	15.44068919	16.68413175	13.43940689	14.46683891	15.91206324	16.56751904	18.09543317	15.18807594	17.21212347	17.95007845	18.89987449
TLR9	15.34219566	14.59260538	14.8093482	15.62847398	15.65619487	14.28070914	16.00873269	16.56606739	16.15539314	16.84533782	15.18845933	17.17735805	18.19657258	16.56597375
CXCL9	19.31968566	16.38583919	18.27773513	20.6168903	20.69373416	19.8988385	17.02323226	19.79686225	21.06731662	24.02350468	20.40315432	23.38776212	23.89364378	22.44912614
MX1	21.81971259	19.94735564	19.98037073	19.59834201	20.85931727	20.44596673	19.9127058	21.15327533	21.1183824	21.97741519	20.30120867	21.49164193	21.77602724	20.96827526
SAMHD1	20.98419766	20.21897814	20.83899471	20.47366766	20.86281365	20.34429235	20.22054726	21.68083138	20.76152966	21.36777924	20.56025789	22.01579335	22.50886013	21.89689063
EBI3	14.80283003	15.69541618	13.61952365	14.5823038	12.87281882	14.6873344	12.83880769	14.75533774	16.51407978	16.04697168	14.04748567	16.80469916	16.94325718	17.33856326
GZMK	17.97061612	15.20998935	16.11936953	17.18282111	15.30166211	15.82022867	15.64616261	17.84419113	17.42760902	19.09651587	16.10157063	19.53175975	19.96783232	18.7292041
CD37	19.23756944	18.66650349	18.43970261	18.84252533	17.4485035	17.64560727	18.92819798	19.65511561	20.00814915	20.25957002	17.9788787	20.69734582	21.47630084	19.9725331
TNFRSF9	17.85478211	18.98804214	16.87691149	17.04280132	17.0732459	18.23598734	16.97183311	18.73748974	19.11483425	20.33444031	17.45067819	20.75742508	20.1901047	18.8575282
HLA.E	23.38091334	23.28407134	24.11918271	22.53498586	22.73736214	23.30262523	23.72426142	23.83140858	23.71945041	24.26812346	22.85832441	24.54026409	24.68389322	24.85455149
CD8B	17.08180598	15.20998935	16.69633924	16.19053608	14.94056342	15.26383532	15.8551095	16.64477936	17.06847557	19.41995838	15.46497827	18.7465962	19.07858352	19.81706161
IGSF6	17.3121036	16.46856411	18.07895526	17.23224633	17.27304144	16.94190723	17.83675695	18.25922863	18.63060357	18.46424765	17.149065	19.41971889	19.3254458	18.45674468
SLAMF7	20.11122974	17.04606309	18.6039421	20.03826579	19.62307487	20.55921262	19.79722859	20.6883995	21.63816857	22.7257085	20.07351776	23.03998281	22.84432424	21.32197402
CD244	16.30193179	15.16659676	15.60820833	15.36770975	15.57325853	16.64234694	16.42922462	16.4095629	16.87362217	18.85943802	15.86110507	18.58799037	18.40455235	18.58092409
CD52	21.4784578	19.7882572	21.643278	21.49708998	19.97973402	19.27335112	21.03758756	22.68781875	21.68878567	23.213969	20.25005837	23.27204729	24.22008721	21.60854514
ADGRE5	20.19285564	20.73726362	20.29194899	18.7729315	19.10459385	19.35029941	20.38219109	20.96159151	20.9128638	20.59257175	19.07594159	21.5989782	21.42703476	21.75579831
EOMES	17.86633297	15.49072576	15.85792839	15.84924266	15.84480444	14.78518172	15.24974079	16.93834257	16.68903686	18.71040824	15.49307627	19.36798576	19.7700165	19.25713566
M6PR	22.29585818	21.2303829	22.11275366	21.25863359	20.73295077	21.50032794	22.10410307	22.45259018	22.11118364	22.19343363	21.16397077	22.41164003	22.36394584	22.73464587
CD48	18.16646838	16.79138524	16.8093482	18.38630361	17.20028509	17.01935131	16.71029295	19.02917154	18.63060357	19.3572034	17.53531334	20.25165183	21.50582516	18.46482703
SLAMF8	17.85941356	18.34018808	18.83990197	16.9367055	18.08676423	17.54444236	18.68315682	18.78025031	19.20260502	20.12332257	17.52263736	20.39723488	20.40827223	20.84983381
KLRB1	18.64278962	17.16384089	16.65844264	18.90891597	16.93725069	17.45063414	18.24201343	19.54398922	19.54215959	20.19835859	17.76560027	21.10057682	21.63287433	18.90582376
ICOS	16.1209058	14.59260538	13.37441115	16.46633778	14.69594105	14.71242538	15.0658766	16.57279325	17.21242408	17.82979697	15.29156807	18.32495597	18.82948831	15.78836617
LILRB1	15.72375846	16.32299832	16.98146742	15.23224633	16.24384146	16.21199639	16.17379194	16.98950733	17.43001552	17.55840515	15.89602806	17.73069857	17.85515319	19.46885129
IL17F	8.57401134	8.133173757	8.619523646	7.639789292	8.172379097	8.854444385	8.379376073	11.14652849	9.201196826	10.7160548	8.222204258	9.234843547	9.222157994	10.98101125
KLRK1	19.71356269	18.04755889	18.51434141	19.05235914	18.57219106	18.95773219	18.20909881	19.34325356	19.9051004	21.87624138	18.8607608	22.05262667	22.43237272	20.72752557
BST2	21.83566556	22.78444973	22.14651185	21.38041334	22.52896862	21.52443666	24.35690197	23.10595091	23.70759739	24.35086586	21.81127287	24.39931842	23.81724061	23.49720373
ITK	18.75143088	16.96289649	16.30602417	17.62135657	16.50329598	16.3056555	16.17379194	18.33041195	18.84324852	19.02097647	16.81010268	19.778842	19.84969188	18.48085714
CD83	18.00237151	17.23908227	19.72215553	16.99072847	17.70765447	18.08085658	18.33792879	19.27992762	18.83328324	19.72308207	17.59307984	19.02274611	19.56089438	18.62486744
PIK3CD	18.36842721	18.41973152	18.60536558	17.60701555	17.49655964	16.70619343	17.87722791	18.54398922	18.19555026	19.23470796	17.26992287	19.30630591	20.05662904	19.56221183
ITGB7	18.3941903	17.77883219	17.5021667	17.69642701	18.1352751	18.395541	18.22643342	18.34030024	18.85224852	19.23470796	18.0757477	20.08424865	20.31887315	20.14591818
KLRD1	16.74893702	18.95415045	16.83384277	17.07233119	16.64405431	15.483801	15.76308037	16.93312486	18.44793742	19.42341394	16.40006217	19.21355401	19.43526221	20.0226704
NCR1	12.03344296	12.77702995	10.94145174	12.09922091	14.72696795	12.76133498	8.379376073	13.52504012	13.84505302	14.54894482	13.19584128	14.69427517	15.74571995	16.91174859
CCL4	19.31968566	18.33896701	21.11487904	18.30778783	19.60439894	18.67940313	18.41829506	19.60759861	20.69079395	21.80434616	18.8638633	20.69785696	20.91390151	22.34130968
SRGN	20.99133646	22.36799119	22.1349771	20.64436091	21.64709904	20.30101079	21.46816431	23.08309283	22.0453141	22.66104133	20.86415691	22.57260481	22.84226324	23.60443554
GATA3	17.17763769	17.23646157	16.20448615	15.22475179	15.58177003	16.02436939	14.50865909	16.87444895	17.07156155	17.68759836	15.61029707	17.47324829	18.29093627	17.80119021
HERC6	18.50326975	17.88973008	17.80687572	17.46156327	18.32719721	18.20759121	17.85915634	18.80759397	18.72965094	19.7928704	17.9987839	19.66425029	19.97370205	18.09995232
CD80	18.96847403	19.75568321	19.77244222	18.39467679	19.33351098	19.84596623	19.93396492	19.79182666	20.03921888	19.82653811	19.19138467	20.90594227	20.81274504	20.5356001
LAPTM5	22.3225187	22.54455233	23.60278449	22.28510998	21.87097525	21.71959768	23.19995396	24.2218405	23.26362248	22.79236938	21.95856097	24.61841285	24.81927942	24.3359493
C10orf54	18.51359055	18.085915	19.30952162	17.1886112	18.52552592	17.77032376	18.00508492	19.21261769	18.91544234	18.94005648	17.82815363	18.99639478	19.74081115	20.25713566
CRTAM	16.66676848	11.59260538	14.52641424	16.56163023	13.9272666	13.71242538	15.22486612	16.36375921	16.25647926	18.5740358	14.73377407	19.14773288	19.3215058	16.62486744
CD33	17.20336796	18.27144556	17.11936953	16.50706803	16.68017374	16.96296884	17.88518763	18.50055743	17.51860944	17.77944989	16.71673687	19.28196746	19.35786728	18.67449821
IL21	11.74393634	8.133173757	8.619523646	12.22475179	12.1723791	8.854444385	10.96433857	12.8246004	14.41065019	16.28591041	11.08385843	14.90726889	15.9770455	10.98101125
CTSS	21.02083618	20.89014698	20.64223822	20.39801251	20.80650947	20.64397803	22.06379597	21.73505576	21.7922516	22.38814861	20.61616667	22.9283305	22.94315034	21.92205886
IFIT3	17.87550754	17.92921337	17.69900843	18.5406561	19.4710145	18.57212081	19.01327948	18.3343754	19.35030882	20.53583474	18.8612638	20.49869957	20.39957753	19.92645509
IFI27	20.80912805	19.94935744	20.56460164	19.76358738	21.11764002	18.38777412	18.65666347	20.64597579	20.90574895	20.71288133	19.75633384	20.75595319	21.1331754	22.16402625
CD79B	16.96202863	15.94052868	16.5910672	16.99953885	15.70376056	13.8988385	15.50865909	17.78170244	17.41551595	17.64679214	15.53404597	18.71664298	20.13803737	17.22893877
CD4	18.60743434	19.38938245	19.4883462	18.16628853	17.7907646	17.77925689	18.70355662	19.48370436	19.32208267	19.26005326	17.91210334	20.36734328	20.4449529	21.11543757
CXCL13	19.20154522	21.74004159	16.40088336	19.92403504	19.89944865	18.64397803	16.71029295	20.47565209	22.40385636	23.265659	19.48915391	21.91256319	22.77578729	21.51044181
PRF1	16.40055983	16.52977854	15.56203815	14.49777029	16.52552592	15.19429439	14.13426357	16.00450949	16.82324865	18.16932544	15.40586353	17.29553948	17.90515258	20.04170718
LAG3	17.17763769	15.87464074	16.56789088	15.87340897	17.26249152	16.98887071	15.78025551	16.38684282	18.81498629	19.29253915	16.70825707	18.56127303	18.70999803	21.20742344
HLA.DMA	20.39698043	20.73517662	21.09728191	19.70453206	19.3516662	19.74926215	20.74323705	21.57321258	21.29312801	20.96516826	19.60182014	22.97219653	23.06843191	21.55181569
CCR7	17.95987374	17.32299832	16.12731829	18.55118128	15.72696795	15.37800634	15.90293803	19.35598186	18.34585507	18.57869216	16.55205186	19.87327946	21.21545024	17.62486744
TNFRSF14	19.28223307	19.0370556	19.19317083	17.53763475	19.27106919	18.63252151	19.58761043	19.50759498	19.37362434	19.50395736	18.48040848	20.27307668	20.70244331	20.39252224
CD68	20.03293055	20.94515045	20.93467321	19.55902508	19.76717021	19.16164519	21.71811246	21.44504935	21.69742647	21.45710038	19.49594683	22.07660443	21.68670374	23.93284234
HLA.DOA	17.76876819	17.39291702	19.07690452	17.17311902	16.28090355	15.71242538	18.08154876	18.93181748	18.98583167	18.06256854	16.38881598	19.85322905	20.09944213	19.16588659
IRF9	22.25985515	20.65182691	21.59930608	20.4392733	21.3135283	21.36273437	21.95515165	22.0401334	21.43840679	22.92299284	21.03851199	22.19900389	22.57461529	21.93883881
CD40	18.0537916	18.21665308	17.99673418	16.05764181	17.62770632	16.71242538	16.24974079	17.60923525	19.11558196	18.61842992	16.79925784	18.18028738	18.61876278	19.5006475
HLA.DPB1	21.4842793	21.99668251	23.57603593	21.18957396	20.06908991	20.66018826	21.81296151	23.07475075	22.85996617	22.90711402	20.63961738	24.38117356	24.24079286	22.61627591
IL10	15.83139918	17.49949597	16.43330484	14.28364548	15.87281882	14.17637248	15.62730359	16.96925864	16.01497802	16.58641952	14.77761226	17.68192677	17.70193826	17.68145097
KIR2DL3	11.89593943	10.94052868	10.61952365	9.639789292	13.07926969	8.854444385	9.379376073	10.8246004	13.10808742	12.88597981	10.52450112	16.30093274	13.47008551	15.78836617
STAT5A	18.67598701	18.88388074	19.10736368	17.17700769	17.6379455	18.49468932	18.1475604	18.92394821	19.45799521	18.58641952	17.76988084	19.53976522	19.63366898	20.13835819
GNLY	16.67204342	16.24169821	17.21943649	18.06500519	20.57032107	16.45435723	16.87122917	17.21261769	19.1841904	20.23224728	18.36322783	21.07207725	20.89679166	20.91470191
IDO1	17.7161184	15.00353848	15.86745116	17.03210671	18.47273166	17.58236484	19.69904819	18.38302111	18.11408616	18.53782879	17.6957344	19.48987212	20.07156309	19.51239271
LAMP3	19.08576399	17.92758962	15.26337984	17.62278287	17.30680542	18.09284912	15.51892742	20.18434996	20.98909939	20.08237702	17.6741458	20.76719947	20.75353945	16.76237097
HLA.DQA2	8.57401134	11.71813626	9.619523646	10.44714421	8.172379097	8.854444385	14.40174389	12.28403202	13.41065019	11.52340973	9.157989231	13.32230639	13.22215799	10.98101125
ITGB2	19.04873129	20.06391109	20.9521197	17.56608529	18.29391261	18.21857904	19.48266388	20.20776466	20.20366027	20.01067555	18.02619231	20.88454881	21.01616764	22.15156229
CD74	21.05025125	20.59209296	22.02000287	20.04785361	20.34136454	19.80061963	21.41675143	21.48124871	21.53728491	21.60441755	20.06327926	22.62393707	22.70042203	22.4198031
HLA.DRA	23.73285767	24.8807505	25.35414066	23.49689554	22.61758798	23.31924537	24.76673713	25.478621	25.11861553	25.53155068	23.1445763	26.64057504	26.43376116	24.78120338
CORO1A	18.90268627	19.23646157	20.19883958	18.01808415	19.74176006	18.09045858	17.71029295	19.58615163	19.18774998	19.97226349	18.6167676	20.38459067	21.35818784	20.14591818
ITGAM	17.76630415	19.15345926	19.31996336	16.81969838	17.69397954	16.5197803	19.14921392	19.74122632	19.05450638	19.41736127	17.01115274	19.70040995	19.731933	19.97536469
IFIH1	18.6333558	17.6547742	17.25251884	17.99624126	19.06719686	18.42429999	19.21779215	18.54056239	18.94855066	19.89347434	18.4959127	20.47324829	20.96278204	18.8697545
CD274	18.11122974	18.69637003	15.51434141	15.29084098	17.01786915	16.07361291	18.55804092	18.19092261	17.96440919	19.98166985	16.12744101	18.43941469	18.28555308	18.94679554
IRF4	17.90044083	16.74050407	15.23423349	16.86379097	17.33979724	16.67462335	15.78876701	16.99952608	19.32273034	20.08510681	16.95940385	19.7913496	20.03031777	17.32086125
CD86	18.14006538	18.73029519	19.61599713	18.1682434	18.28090355	17.67781162	18.63440464	19.66852145	19.24422411	18.24157561	18.04231952	19.9593574	20.34369151	20.11286821
NCR3	13.52820765	13.30309876	8.619523646	14.1789481	8.172379097	9.854444385	10.96433857	15.07252791	15.75578568	16.52340973	10.73525719	15.64423448	16.52593874	10.98101125
FCGR1A	17.38136626	17.86109421	18.30427227	15.86379097	16.42504453	16.33017782	18.7620001	18.90408518	18.74229344	18.43886234	16.20633777	19.35637706	18.88393609	20.32530716
TNFRSF18	15.98340228	17.82491728	15.90492586	16.01482872	17.48071813	14.71242538	14.52912319	17.02427274	17.92400436	17.37426629	16.06932408	17.2404681	17.54858748	18.29389421
IL2	12.74393634	9.133173757	9.619523646	11.44714421	11.97973402	8.854444385	11.70130417	12.63195532	12.72475878	13.30101731	10.76044087	14.44429691	15.54408609	10.98101125
DDX58	21.10734107	19.95055719	20.48370979	20.23737633	20.04428433	21.06694077	20.93875316	21.10014296	20.61244298	23.24810628	20.44953381	22.27547575	22.00699729	21.14340258
BRCA2	19.27877958	18.12043777	17.43970261	18.44230566	18.01943644	19.24890708	17.33357238	19.48370436	19.68450878	19.35991099	18.57021639	18.50630657	19.08169278	18.30293935
IFI6	20.29980361	20.98804214	21.01264592	20.07780138	21.66948245	19.50010282	20.7325229	20.57446983	20.79761956	22.58844112	20.41579555	21.58301841	21.79296243	21.98593393
C1QB	22.46987059	23.64779536	24.65404322	21.59879504	21.966084	22.81462737	22.82439092	24.26900062	23.41087864	23.55540624	22.12650214	24.35114689	24.11327715	26.28011192
ZAP70	17.44129008	16.08154099	15.01184107	15.12360507	15.74980792	15.79695889	15.00873269	15.5794879	16.76343925	17.62594789	15.55679063	17.2846921	18.27472604	17.47286435
OAS3	19.87493583	18.56362631	19.46422941	18.39801251	19.47158712	18.67302656	19.32335599	18.98573228	19.71541774	19.63863921	18.84754206	20.3498872	20.18288399	20.25946071
ISG20	18.88462412	17.75522558	18.73846472	16.48527934	18.63078571	18.39940882	17.42377019	18.39065444	18.95691898	19.65048285	17.83849129	18.84402229	19.53504095	19.89689063
IFI44L	18.95879509	19.03931275	19.41880527	19.50165163	18.75075179	19.01809406	19.28401069	19.68024757	19.16264652	20.81145183	19.09016583	21.49664465	21.69154543	19.55844008
FOXP3	16.63470727	16.32793061	16.07895526	14.93441004	16.21129809	15.0041915	15.29823931	16.59938746	17.63998868	17.25521362	15.38329988	17.31699259	18.50292876	15.93520756
GZMH	17.75392043	15.60077931	16.51434141	15.40797362	16.93393033	16.54094491	16.0867352	15.8246004	17.26459191	19.74878933	16.29428295	19.11901407	19.24313793	19.71910351
CCR2	17.61018495	17.11045368	16.70698649	17.51015401	16.37205144	17.25958585	16.76308037	17.27581151	18.67693026	19.31131229	17.04726377	19.83475639	20.09867494	17.13075837
FASLG	15.30193179	13.71813626	13.94145174	14.94357004	15.42030661	14.24676181	14.54930107	13.8246004	15.52312492	18.19381307	14.87021282	18.36412656	18.03272963	18.16092034
TNF	16.42576038	15.92758962	17.1391599	14.35403481	15.60700732	14.9837274	16.44546526	16.51110093	15.44912434	16.90587936	14.98158984	17.46846322	18.00351771	19.1205626
CCR4	17.43819748	17.13035324	15.3474441	15.04918023	14.63181072	15.28070914	16.26811932	18.26546957	18.03408684	18.54101355	14.98723336	18.84771204	18.82207084	15.22893877
HLA.DQB2	9.57401134	9.133173757	9.619523646	7.639789292	9.172379097	8.854444385	8.379376073	8.8246004	11.20119683	9.716054805	8.555537591	14.27923767	14.392083	10.98101125
NFATC1	17.24996837	16.59669813	18.02466511	16.08687252	16.05502215	16.20317254	14.80564083	18.50055743	16.49121567	17.01067555	16.1150224	18.05821079	18.30962084	17.30293935
PRDM1	20.77429695	20.09389975	20.51054784	18.99458964	20.07060257	19.9837274	19.61299575	20.33783451	21.53742442	21.17471774	19.6829732	21.46786397	21.12189254	20.92205886
TNFSF10	20.8792181	19.36739244	20.50483871	21.52843742	19.73509852	18.84454835	20.80825962	21.14257822	22.81118351	21.60156053	20.0360281	20.76963276	21.12415618	20.10771572
GZMA	19.13625376	17.45058637	21.56002078	18.1886112	19.5299311	18.30771502	18.18994771	19.04860207	19.82644905	20.86325973	18.67541911	21.13721866	21.13766396	20.76400946
EIF2AK2	22.24012436	21.47149231	21.56642992	21.98422391	21.46829149	22.06830804	22.10346353	22.28275065	22.13064018	22.84622313	21.84027448	22.61854784	22.49900938	21.46381921
CX3CR1	11.43784315	9.779414383	12.97220273	10.60428454	10.82971825	10.47740766	9.379376072	12.48330316	11.03097372	11.60084451	10.63713682	13.21669545	12.5903307	10.98101125
CXCR6	15.82193885	14.01581681	13.52641424	16.04493075	15.96028166	14.96296884	14.94923168	15.51110093	16.58057519	17.87844613	15.65606042	18.78559033	18.59936852	15.93520756
TNFRSF17	15.75392043	12.88806126	12.61952365	17.35575128	14.74223471	15.94190723	16.53924741	15.901416	18.68198703	18.18976055	16.01329774	18.97293581	19.69991626	16.11029427
CIITA	21.24311785	20.93730478	21.06944606	19.9398558	19.78478689	20.75832623	20.48135174	21.75755329	21.07943937	21.14179523	20.16098964	22.59623908	22.75876948	20.82963419
CCR1	16.49882384	18.24039083	18.34914439	16.22098987	17.19196983	16.79108232	17.90880663	18.12380842	17.87185308	18.0379829	16.73468067	18.84955339	18.54858748	19.64278935
CXCL8	21.49900936	22.23990026	20.60962761	20.43643733	23.67995697	21.35279499	24.13447228	22.72801156	20.83578102	18.54736205	21.8230631	18.66947177	18.58629265	20.86212521
EGFR	22.9307384	22.3372099	21.67751537	19.91183582	19.57964686	19.47741133	21.89643027	22.11274552	22.75356573	21.59026774	19.656298	22.98993976	22.38706492	21.74006719
XAGE1B	8.57401134	22.3247728	8.619523646	12.68418341	22.03472587	8.854444385	12.90293803	25.13691615	14.94266381	20.87907544	14.52445122	19.97546759	20.35144101	20.78675512
OAS1	20.52820765	18.75979541	19.1253352	19.74373272	19.40539952	18.07119024	21.3058574	20.45213428	20.21661188	21.08646977	19.07344083	21.29587715	20.98702958	20.49276391
SH2D1A	16.32220419	13.59260538	14.01184107	17.1672663	15.5122291	15.0041915	15.29823931	16.79038468	17.99885835	18.82196331	15.8945623	18.94392736	18.80335858	14.30293935
AXL	17.45052829	17.54044152	19.15674205	15.72193833	17.65215936	17.62262871	17.13092013	18.13293943	19.50440678	17.29348363	16.9989088	18.47324829	18.54408609	20.43839213
CD40LG	16.85478211	13.08737007	13.86745116	16.86860798	12.97973402	13.85444438	15.8551095	16.06300514	16.39102139	16.77133724	14.56759546	17.89305503	18.17344271	15.37332867
CD47	21.54339786	21.22013926	22.00525126	21.12963725	20.19959398	22.73412335	22.199156	24.49334691	22.18694984	21.96590897	21.35445153	22.93354821	23.26090555	21.81152646
ICAM1	18.11122974	20.15137394	19.57080836	16.40466088	19.03888531	17.28489694	20.75712887	21.4434447	20.01297288	19.35177293	17.57614771	21.5755282	21.1059468	20.91470191
IL12B	13.78346471	11.71813626	10.20448615	13.44714421	8.172379097	8.854444385	12.83880769	13.14652849	14.37112183	13.6229454	10.15798923	16.27923767	15.12904859	10.98101125
IFIT1	19.34715055	18.84741927	19.75971435	19.77485724	19.46066844	18.97078835	19.43804432	19.47565209	19.39656903	20.64494324	19.40210468	21.20098846	21.34304384	19.21941599
GAGE13	8.57401134	8.133173757	8.619523646	7.639789292	9.172379097	8.854444385	8.379376073	12.731491	8.201196826	9.716054805	8.555537591	9.234843547	9.222157994	10.98101125
CD160	12.48090194	8.133173757	10.20448615	13.72725213	11.63181072	8.854444385	12.70130417	11.63195532	13.62746158	15.2079079	11.40450241	15.343368	15.93640351	10.98101125
IFIT2	18.93485842	19.11972691	19.40824198	18.90423189	19.66923287	18.37996519	19.778654	19.03039365	19.10883863	20.44014227	18.98447665	20.85597966	21.13654313	19.52017006
CD2	20.07036583	18.03856076	16.21198068	20.42544609	19.18360635	19.79475798	19.59672798	19.39635304	20.37955045	22.38604708	19.80127014	22.59115795	22.58752356	19.29842387
CXCR5	17.28825686	15.08737007	14.26337984	16.97517965	14.58177003	15.08326308	13.87122917	17.98194734	15.85940831	17.59563805	15.54673759	18.99139987	20.04153878	14.56597375
CMKLR1	10.57401134	9.718136258	8.619523646	12.76907231	12.25984194	13.8988385	11.18673099	11.4095629	12.00855175	12.7160548	12.97591758	13.23484355	13.61447542	14.56597375
FCGR3A	19.52456724	20.44265011	21.65569726	18.98574889	20.2674464	19.52863665	21.56052833	21.52048115	20.98173659	20.07030419	19.59394398	22.25147775	21.8246249	22.98523172
CSF1R	18.37005095	19.97866381	20.15722739	17.75353146	17.41317043	18.01179132	18.79511784	19.54056239	19.39656903	18.57092319	17.7261644	20.66686339	20.29362036	20.20017977
TLR3	15.48090194	14.90135808	14.1741125	15.49153833	15.96028166	15.88786739	17.55430176	17.22547984	16.81222162	17.50068965	15.77989579	18.39471488	18.23338525	14.56597375
STAT4	17.23578944	16.55943851	15.92330439	16.36088848	15.68807894	16.62923144	16.99776157	16.05341909	16.71689666	18.38671105	16.22606629	18.32760069	18.65261055	17.58092409
RB1	21.36293354	19.67958595	20.48409673	21.36281022	19.510001	19.81082054	20.70608643	20.9451623	21.95775315	21.94877551	20.22787725	21.35572939	21.15474186	20.01443425
ICOSLG	19.27358379	18.21798214	19.31649117	17.39634561	19.38669822	18.65048399	18.14424766	19.57781715	19.78709828	19.44142106	18.47784261	18.59239555	19.35658431	18.54325368
MMP9	18.74017442	23.23834567	22.55560943	19.16628853	17.70765447	21.19901771	16.66477829	21.23769938	20.90163654	21.26343137	19.35765357	24.94465434	24.35734621	20.86670762
IDO2	12.57401134	8.133173757	8.619523646	9.639789292	11.1723791	12.313876	8.379376073	9.8246004	12.10808742	12.52340973	11.0420148	12.55677164	14.83686784	10.98101125
IL22	8.57401134	8.133173757	8.619523646	7.639789292	8.172379097	8.854444385	8.379376073	8.8246004	8.201196826	8.716054805	8.222204258	9.234843547	9.222157994	10.98101125
CD79A	17.9812791	16.0096907	16.15868246	18.47820537	17.0732459	16.82598794	17.32481991	19.22227503	20.79785249	21.05032809	17.4591464	20.77787537	21.63260935	15.37332867
CX3CL1	19.06986637	15.05203699	17.902612	15.72725213	17.07626094	17.28070914	15.33357238	17.10537117	20.42187745	18.27256086	16.69474074	18.03250507	18.45817219	16.70893171
TDO2	16.02522245	19.83923802	14.94145174	16.7456978	17.033466	15.36223903	17.77383877	18.00201994	17.96772573	18.04023535	16.38046761	18.83475639	19.20229757	17.95829118
STAT3	22.98260645	22.55056481	23.00363283	20.42094406	21.35492864	21.56482036	22.07829773	23.28703877	22.83934988	22.95319006	21.11356435	22.41801367	22.30380786	22.68231771
C1QA	20.63605748	21.98677572	22.78388066	19.7987145	20.07663738	20.74204581	21.12336893	21.96718615	21.67210985	21.74015559	20.20579923	22.11882322	21.77698664	24.59157476
FCER1G	18.45359459	19.85299036	20.61139974	20.74028738	20.78616856	18.3936032	20.1115435	21.01195247	20.02933331	20.50150727	19.97335305	22.90561043	23.22462143	21.4260261
MADCAM1	12.03344296	13.49072576	13.07895526	11.80971429	9.172379097	8.854444385	10.96433857	13.63195532	12.44912434	14.5740358	9.945512591	14.32230639	14.22215799	10.98101125
MRC1	20.43315784	22.116969	22.37691366	19.51630624	19.76903476	18.81878525	20.94543011	22.57342219	21.55241215	20.13917072	19.36804208	22.12263534	21.99756251	22.93302442
IL17A	12.66147418	8.133173757	8.619523646	10.22475179	8.172379097	8.854444385	10.70130417	11.8246004	14.85940831	15.12544574	9.083858424	9.234843547	12.392083	10.98101125
ITGAX	18.79801301	18.80824868	19.11936953	17.21343648	18.4368217	18.09761837	19.16972457	19.45030924	19.1813364	19.40080343	17.91595885	19.7406551	19.88304526	18.57346829
TLR7	16.60743434	16.44605671	17.20072423	17.68281658	13.49430719	16.91514032	18.1475604	17.72848225	18.11707621	17.6847216	16.0307547	19.7024491	20.06450834	16.37332867
NFKBIA	21.80418192	21.13686734	21.38190568	19.56571456	21.35430779	19.93392917	21.9127058	22.09124056	22.05752508	22.22360171	20.28465051	21.40820838	21.29797137	22.39569649
DMBT1	19.09069629	18.62902878	14.95937365	11.09922091	14.40119779	17.60263723	20.68087227	21.57132464	20.81014464	20.95982384	14.36768531	21.43206024	20.11621784	14.15093625
IFITM1	22.49780306	23.65207275	23.640113	21.39060094	22.84342252	21.63989685	22.28560904	23.03762865	22.78222083	23.09834108	21.95797344	23.11452251	23.5074157	23.62351428
BTLA	16.98340228	15.05203699	14.01184107	17.60845608	12.87281882	16.08326308	15.64616261	17.17774723	17.66062845	18.66442204	15.52151266	19.14773288	19.76712243	14.30293935
CD19	15.38136626	13.13317376	11.78944865	15.45357048	12.49430719	11.43940689	13.23735707	14.6825814	16.46329167	16.95445954	13.12909485	16.85689537	18.02628902	11.98101125
MAPK1	21.99146833	21.04306684	21.44507875	21.03304566	20.04889604	20.96916277	21.85877743	21.85008606	21.82359189	21.44758598	20.68370149	21.43880325	21.41814529	21.365795
IL2RA	18.06986637	18.88304318	19.40497611	16.15942554	17.83415719	16.49830057	16.84290045	18.5794879	18.77484401	17.90340688	16.83062777	18.23765856	18.66717284	20.09995232
FCRLA	15.74393634	12.65673571	14.11137674	16.6621571	12.42030661	14.24676181	13.62730359	17.12838115	17.43721102	17.29348363	14.44307517	18.55677164	18.85878261	11.98101125
KIR2DL1	8.57401134	8.133173757	8.619523646	7.639789292	9.172379097	8.854444385	8.379376073	8.8246004	8.201196826	8.716054805	8.555537591	9.234843547	12.02951292	10.98101125
CD1C	17.65616038	18.22988891	18.44289089	18.21248952	15.00526911	16.44690142	16.80982862	20.74569749	19.14737207	17.41649452	16.55488668	20.56407929	20.70496595	15.88790185
EGR2	20.3116812	18.94294189	23.24528956	16.99514039	18.56039638	16.96818655	18.12252747	20.70800739	20.6129726	21.11693424	17.50790777	19.72167857	19.98537036	20.32530716
CBLB	19.20154522	19.29304509	18.67751537	18.67183502	18.86934662	18.4617747	19.62552285	19.27374905	19.07848096	20.16829605	18.66765211	19.94823006	19.88660528	18.76237097
IL13	8.57401134	9.133173757	12.20448615	7.639789292	11.97973402	8.854444385	11.54930107	11.14652849	11.37112183	10.7160548	9.491322566	10.23484355	12.54408609	10.98101125
KIAA0101	20.16740246	18.98726294	16.07073476	20.65241383	18.25718748	18.62758359	19.08068253	19.67946878	20.48341652	20.03346742	19.17906163	18.96955317	18.93983442	21.06714748
PTPRCAP	11.38136626	10.13317376	10.61952365	7.639789292	11.3423041	10.85444438	9.379376073	11.14652849	12.44912434	12.52340973	9.945512591	9.234843547	12.54408609	13.56597375
MPO	12.89593943	13.04006435	14.01184107	9.639789292	12.25984194	13.85444438	12.83880769	13.86899452	13.78615933	13.41649452	11.9180252	11.55677164	15.392083	16.15093625
CD163	20.01020234	21.97532764	21.36267504	19.52815203	18.48526205	19.48562144	20.85257446	21.40862334	21.30923115	20.12279129	19.16634517	21.85345847	21.78773613	23.00511203
KIR2DL2	8.57401134	8.133173757	8.619523646	7.639789292	8.172379097	8.854444385	8.379376073	8.8246004	8.201196826	8.716054805	8.222204258	9.234843547	9.222157994	11.98101125
FOXM1	20.86748299	19.0272336	17.49296776	19.39509418	18.42149255	19.82742417	18.24665481	20.76344486	20.70551927	20.30007775	19.2146703	18.98471297	18.5190742	19.85445536
JAML	16.38136626	17.25211483	14.61952365	15.31221463	14.91384608	15.99399574	15.96433857	16.40202923	16.44912434	16.24743627	15.40668548	16.98973105	17.26107698	15.98101125
CXCR4	21.00001395	19.96250009	21.84759074	20.17725039	20.45140923	20.81734039	20.71727668	21.96654786	22.33522199	21.53103774	20.482	21.99805591	22.80888052	20.21463093
TNFSF13B	15.77368368	15.6409684	15.0457884	18.04280132	17.78524759	17.58236484	18.11746833	16.70111735	17.76725086	19.57325828	17.80347125	20.407896	19.92606157	16.68145097
DGAT2	17.61840546	19.84827777	16.49604059	16.25081409	17.33728602	17.35429027	16.20592456	19.63356457	18.86830837	17.27064366	16.98079679	17.11136049	17.03593919	19.01443425
IL12A	16.65616038	14.65673571	16.58530793	14.60557358	15.56469652	16.8988385	16.63676392	15.95388342	16.54992498	16.87592614	15.68970287	15.52024577	17.36170935	18.21941599
KLRG1	17.1209058	15.60890719	15.1741125	16.36770975	14.59864385	14.313876	15.13426357	16.25922863	16.56751904	18.05812947	15.09340987	18.20351034	18.89458334	14.44044287
CEACAM8	11.89593943	8.133173757	11.78944865	7.639789292	10.7573416	8.854444385	8.379376073	13.9945254	8.201196826	12.88597981	9.083858426	9.234843547	11.80712049	10.98101125
VEGFA	22.33701617	23.3540055	22.51301479	21.28612299	21.28547008	23.22417803	25.87728247	23.20018291	21.81981175	21.42707642	21.9319237	21.7024491	21.13429885	22.28821206
IL7R	20.59429684	20.86151947	17.69366511	20.27731984	19.44209022	19.43187321	19.94304903	20.97878561	20.88922853	20.74050193	19.71709442	21.4415527	22.44615967	19.5356001
CD28	18.31716273	17.85768761	17.24888027	17.53460705	16.21677322	16.58915401	16.77598085	18.80044837	18.02456407	18.61692161	16.78017809	19.02111317	19.91651588	15.88790185
EGR3	18.31379195	18.81616834	20.18890461	15.55267863	18.71734353	16.66179931	17.44277115	19.65986132	18.3648465	18.76044892	16.97727382	17.90726889	17.85515319	20.46482703
SH2D1B	13.48090194	12.59260538	13.86745116	15.11552272	14.32212622	12.94190723	12.18673099	15.36375921	15.04668688	15.35991099	14.12651872	17.73866928	17.96362498	10.98101125
SELL	14.91386134	13.34262712	12.61952365	15.58815652	14.74223471	12.85444438	13.50865909	14.65749041	14.66062845	14.782144	14.3949452	16.84955339	17.62729946	13.78836617
PTPRC	18.79921878	16.74050407	16.73326581	19.8190764	17.10901704	17.42049842	17.53166091	20.38062739	19.58921411	20.33398136	18.11619729	20.80849073	22.30729846	14.98101125
PTPN6	20.947964	20.42808164	20.60144763	20.38798214	20.29391261	22.37763876	21.54992711	21.16889631	20.66062845	21.72115298	21.0198445	22.1879487	22.30680032	21.06449058
LYZ	22.00158609	22.02969538	22.27829299	22.04260152	22.61913933	22.73613194	22.85700787	23.32494437	23.3914845	26.83502122	22.4659576	25.09350453	25.2464536	20.79318856
RPS6	25.375265	24.59947331	25.3089757	24.61063666	22.58541195	24.36999024	24.93909671	25.69228938	25.44394297	24.91290663	23.85534628	25.29342725	25.27224045	24.28336458
STAT6	21.81032457	20.63027711	20.64915597	18.80532443	20.27435477	20.21748402	21.36983464	20.68801236	21.02714936	21.32153432	19.76572107	20.7549711	21.14027584	20.9866358
CXCL11	13.78346471	13.2206366	12.61952365	16.45357048	18.08227218	15.62262871	10.37937607	13.28403202	14.10808742	17.35267943	16.71949046	19.39597543	19.44253632	15.15093625
MAPK14	21.10636727	20.73656829	21.78395923	19.94014185	20.27435477	21.05288943	21.76914183	21.63396661	20.83850095	21.72062642	20.42246202	21.43574215	21.56700868	20.63922273
G6PD	19.32639199	20.1928562	19.46579756	22.20334309	21.43271062	20.73975945	19.93827505	19.95966835	20.3987207	18.69333473	21.45860439	19.79326426	19.30829422	20.73589875
CLEC4C	13.0975733	14.86109421	8.619523646	16.38462313	13.72696795	8.854444385	13.42377019	16.13748336	13.00855175	14.59869785	12.98867849	17.45401207	18.41691485	10.98101125
PIK3CA	21.78939266	19.30997024	20.19789634	20.22146065	18.91215971	20.69875785	21.28476308	20.84314834	21.69480213	21.53663269	19.94412607	20.7495576	20.4026888	20.01167839
PYGL	19.9425178	19.92066826	20.32558791	18.77035985	17.75921888	18.9015683	18.36948004	20.252437	19.77437061	21.0997591	18.47704901	19.892162	19.57530482	21.0511322
FAS	20.10977272	20.23908227	21.10157527	18.02672954	18.39879129	18.52863665	18.77918803	19.77004424	20.14956406	19.5064033	18.31805249	20.42713636	20.56700868	19.13582936
GAGE2C	8.57401134	10.94052868	8.619523646	7.639789292	12.56469652	8.854444385	9.379376073	19.57279325	8.201196826	14.30101731	9.686310066	9.234843547	9.222157994	10.98101125
TGFB1	22.11147243	22.2052226	22.68939294	20.59434914	20.44179803	20.52111223	21.87535598	21.50495992	22.15766374	21.4867187	20.51908647	22.01804644	21.967202	23.2431061
S100A9	22.6699028	22.3607145	17.51434141	23.60568628	19.94221694	18.36025594	20.79696491	21.66419788	20.010161	19.14755241	20.63605305	19.07562147	19.40703334	19.99781954
BCL2	18.06986637	16.72188839	18.32515603	16.48841223	17.61739394	17.33017782	15.97928891	16.8580234	17.18988151	18.45076443	17.145328	17.56127303	19.18794228	17.55086686
CD14	20.00498651	22.35105574	22.72682247	18.95946141	19.70180965	19.47282989	20.94519218	21.45259018	21.16318906	20.72763151	19.37803365	21.47324829	21.51562964	23.07508894
HLA.G	9.57401134	8.133173757	14.07895526	8.639789292	10.1723791	12.43940689	12.46683891	17.07726583	13.95608433	8.716054805	10.41719176	9.234843547	11.80712049	18.08953571
CD53	16.46275459	14.54256469	13.01184107	16.73782137	12.3423041	12.66179931	13.80564083	15.67009045	17.00209673	17.23175464	13.91397493	18.343368	19.27744043	10.98101125
TNFRSF4	16.81241608	17.85939192	18.61952365	14.45996825	16.58600703	14.76133498	14.70130417	17.01442496	16.99885835	17.2079079	15.26910342	16.36412656	17.34627931	17.83899225
CD70	13.0975733	17.28799187	18.11537867	12.49777029	12.9272666	8.854444385	12.54930107	14.1821524	14.99561269	14.35991099	11.42649376	14.6611083	14.74571995	19.51628663
HLA.B	21.66097684	12.04006435	21.85119485	14.14758393	15.12657541	22.91539358	14.62730359	15.49702574	13.37112183	15.76044892	17.39651764	17.61422191	14.57971	14.68145097
CCL2	13.70329436	15.83361348	17.02891458	17.08893794	17.00210183	13.49830057	16.03758756	16.77296763	14.66062845	16.29348363	15.86311345	18.42219562	18.66717284	16.33856326
IGF1R	22.46456063	21.18336252	21.73846472	20.12436047	20.56898388	22.56976294	21.67414039	22.31331925	22.2987352	23.41242471	21.08770243	21.05661753	20.65261055	22.40884786
ALOX15B	14.40690135	12.2206366	15.23423349	10.96171739	13.5299311	14.58236484	16.49311824	16.77879671	17.01176846	16.07360681	13.02467111	18.27101716	18.18215993	10.98101125
TBP	19.69100502	18.277832	18.32169633	17.85289351	17.7573416	19.48925543	19.38500062	18.69650564	19.20471474	19.9898504	18.36649685	18.53175975	18.53504095	19.11029427
PTGS2	17.18134165	20.91739962	18.02253567	16.61992887	18.03036009	17.55834796	22.97475012	20.318956	17.92400436	15.52340973	17.40287897	18.56127303	17.66094985	14.15093625
GAGE1	8.57401134	9.133173757	8.619523646	12.16335125	13.84480444	8.854444385	8.379376073	18.45941145	8.201196826	15.47094231	11.62086669	9.234843547	9.222157994	10.98101125
GPR18	16.71866958	14.92758962	14.90492586	17.08065846	14.72696795	14.21199639	15.18673099	17.72848225	15.72475878	17.50395736	15.33987427	18.7894324	20.63842774	11.98101125
EFNA4	18.16833594	17.84225757	17.9836583	16.44392031	16.01158288	14.8086407	19.02593478	18.30438066	17.87891647	17.88096173	15.75471463	17.34858571	17.88749391	17.69525677
HLA.DQA1	10.15897384	17.3005919	18.14504445	18.93441004	12.49430719	16.92053358	18.18350709	18.05101259	17.88067693	18.05812947	16.11641694	20.63625643	20.65313317	13.98101125
BCL2L11	19.24023534	17.76979838	18.79943274	17.35575128	18.47615985	18.81878525	19.00051219	19.3343754	19.17704479	19.44482565	18.21689879	18.3743949	18.56867173	18.284792
KLF2	18.73009442	19.35717543	21.20659792	16.84436044	19.05578608	16.74926215	18.36806076	19.34718193	19.10958945	19.43715399	17.54980289	18.45401207	19.46056273	19.96969594
AKT1	21.50104851	21.48549311	21.96215394	19.91765784	21.34527534	20.7336447	21.64308541	20.98856449	20.70775236	20.06644155	20.66552596	20.46185774	20.49770055	21.48682281
TNFSF4	16.18134165	14.94052868	20.44169611	15.04918023	15.28090355	16.28907261	17.36806076	17.98699173	17.52537737	17.79019627	15.5397188	16.68605466	17.42672914	17.02540537
MS4A1	16.71866958	15.28292088	12.70698649	18.12259725	14.95373881	15.37800634	16.544283	17.22547984	17.87891647	18.12119627	16.15144747	19.49693839	20.9619386	11.98101125
CCL3	17.22506303	18.53084839	21.36162252	15.35403481	18.16673253	16.90429293	17.69225903	17.60596011	19.13930615	19.17446142	16.80835342	18.19773955	17.71401109	21.63743611
GRAP2	19.17949086	16.97866381	17.24157547	17.68554895	17.4368217	17.91243611	16.9416185	18.24245291	18.46798337	19.66369174	17.67826892	20.01374202	20.42978246	15.15093625
NT5E	17.20700654	20.49209963	20.63876686	16.27278449	16.89347829	16.41668681	21.1359324	22.24627079	18.16264652	17.83758832	16.52764986	18.73468943	18.23896628	22.71994793
LILRB2	12.82193885	13.52549118	13.20448615	14.2096449	16.52110725	12.94190723	12.37937607	13.21691782	12.78615933	14.2079079	14.55755313	16.343368	16.87320969	15.15093625
HLA.C	20.55415092	20.54917954	23.40247068	20.22733243	21.00566453	24.7260609	22.08824441	21.17857422	20.59806914	22.20640431	21.98635262	24.14093556	24.56447578	23.36011882
FCGR3B	17.51945518	17.3180491	16.9324066	16.00173307	19.12657541	16.2207666	19.18189244	19.59030089	17.83782145	16.87087291	17.11635836	17.92484152	18.35658431	18.95255481
FOXO1	21.68807899	21.55287065	21.8237891	20.24225619	19.19127472	19.95904314	19.87423166	21.375828	21.26020322	21.82719048	19.79752468	21.51966765	21.64132816	19.5846376
HLA.DOB	15.94033355	17.19656884	16.1741125	18.48213964	14.21677322	16.12123093	17.55430176	18.32045543	19.58219894	17.66442204	16.27338126	20.21783712	20.97328358	12.98101125
JCHAIN	21.70345536	18.3316188	16.88631019	20.04785361	19.95209845	20.52332937	22.10282371	22.29817932	23.5230897	23.50288596	20.17442714	23.31291094	23.29646674	16.02540537
HLA.A	21.17694213	21.38775953	23.33703943	12.68418341	23.29334591	23.68664215	20.45786049	22.3779897	22.14288638	8.716054805	19.88805716	17.10520827	11.54408609	17.92352576
NOS2	17.77613516	8.133173757	12.31996336	11.34022901	14.66423219	16.1023719	16.11408569	11.63195532	11.90163654	12.17548642	14.03561103	14.23484355	9.222157994	10.98101125
PTPN11	22.29660544	20.98921016	21.28707875	21.1561049	21.39275742	22.49728582	22.12955964	22.05777066	21.83078113	22.14689934	21.68204938	22.07778311	21.76881134	21.34951771
CCNB2	21.56376062	19.71625652	19.47905843	20.67733625	18.64608485	20.11124277	20.0785147	20.77843308	21.55475721	20.84726871	19.81155462	19.91432365	19.24035817	19.73589875
NCAM1	15.93156334	14.97866381	19.40987214	18.82404479	14.36220366	21.81372189	16.544283	15.83582766	14.98255654	18.06035071	18.33332345	15.42466811	16.22215799	16.62486744
CXCR2	17.70843766	16.25729507	13.78944865	16.14758393	18.20855271	15.5686899	15.8551095	17.71029677	17.96772573	15.2079079	16.64160885	16.42466811	16.29897359	17.02540537
SNAI1	16.72375846	19.76253038	18.82164747	14.60557358	17.74413174	18.48743958	16.61299575	18.38493323	16.17274038	16.16726592	16.94571497	16.39471488	16.76905245	17.19046462
TP63	21.12764063	16.95335272	15.02891458	15.68963784	14.25984194	15.67462335	17.70130417	17.52156793	20.60127573	15.30101731	15.20803438	19.31432833	18.6877244	13.30293935
GAGE10	12.48090194	8.133173757	12.42687857	7.639789292	8.172379097	8.854444385	11.18673099	8.8246004	12.72475878	12.41649452	8.222204258	9.234843547	12.54408609	10.98101125
GAGE12J	12.03344296	8.133173757	8.619523646	9.639789292	11.97973402	8.854444385	8.379376073	11.8246004	8.201196826	11.88597981	10.15798923	9.234843547	9.222157994	10.98101125
MELK	20.5852386	19.71484512	17.77180849	21.48253247	18.66322997	21.42263804	18.38219109	20.08198824	20.26391759	21.06007324	20.52280016	19.97293581	19.4449529	19.70893171
ITGA1	20.90436806	20.69111604	22.54683866	20.05737813	20.84369901	21.50908041	20.962929	21.59773961	20.98419504	20.56819413	20.80338585	21.7085493	21.29194339	22.06781094
MLANA	8.57401134	8.133173757	8.619523646	7.639789292	8.172379097	8.854444385	8.379376073	8.8246004	8.201196826	8.716054805	8.222204258	9.234843547	9.222157994	10.98101125
BUB1	20.2993776	19.95175593	18.17027043	20.38146694	20.35322066	22.03186392	19.19475937	20.82001425	20.80621327	20.70331882	20.92218384	20.3256176	19.98370923	19.7055251
CA4	14.45665439	14.67233257	11.20448615	10.63978929	11.3423041	13.49830057	13.46683891	15.51110093	15.08383988	13.52340973	11.82679799	13.87869974	13.02951292	10.98101125
VTCN1	18.60467848	11.30309876	13.70698649	14.96171739	11.49430719	13.02436939	19.62195476	17.98699173	19.25715706	17.44737384	13.16013132	14.14173414	11.54408609	11.98101125
LY9	15.28825686	13.52549118	12.31996336	15.48527934	13.03036009	14.58236484	13.7716935	14.55252085	15.46798337	16.35991099	14.36600142	16.30093274	16.71401109	10.98101125
TCF7	14.52820765	13.17756788	13.61952365	17.83577659	16.32212622	12.43940689	13.87122917	15.48281188	14.35094395	16.71040824	15.53243657	17.85322905	19.1646725	11.98101125
ZEB1	19.01591804	19.14649643	20.41150047	18.4860632	18.85273862	19.14331046	18.43330195	18.7494129	18.81498629	19.30664185	18.82737076	18.96106171	19.08789126	18.48880589
MAD2L1	19.57401134	19.30372479	18.54581964	19.42769185	19.63027293	19.91649052	19.12756892	20.17498714	20.67287204	19.81540262	19.65815177	18.52024577	18.01657386	20.90878921
LRG1	17.51945518	16.08154099	11.78944865	13.54667989	17.033466	14.46915423	18.64381867	18.19963983	15.29922891	15.07360681	15.01643337	17.5477265	17.52136601	14.68145097
CCR6	16.44437606	16.20463612	15.85792839	17.5361217	15.38183246	16.18536126	15.28626667	17.80759397	17.6850126	17.31596765	16.36777181	19.17295287	20.19370155	11.98101125
IL23A	10.15897384	10.94052868	10.20448615	11.09922091	11.97973402	8.854444385	11.18673099	10.4095629	9.201196826	13.88597981	10.64446644	10.23484355	12.22215799	10.98101125
CCL22	16.4688291	18.94374539	16.63633193	15.74831375	15.23846829	12.66179931	21.90208019	16.86351939	19.11707621	17.29348363	14.54952712	18.71057698	19.10632851	16.02540537
FUT4	19.82312479	19.26760008	20.65225817	18.16237082	19.597595	20.90565333	20.77383877	20.45122205	19.06383418	18.91695341	19.55520638	20.54261358	20.33002891	21.64456936
TWIST1	17.7638359	19.42376865	19.73716675	15.42769185	17.7095975	17.29323624	15.23735707	17.44665222	17.56970329	18.39377445	16.8101752	17.89662164	17.18215993	18.94679554
NOTCH3	22.39199427	21.51458152	23.08419702	20.97504006	20.53350043	20.75342359	22.22152996	21.14878095	21.63816857	21.75171308	20.75398803	20.31499486	20.4224436	22.00268529
S100A8	22.93759859	20.99251441	17.3710677	23.80351758	20.05578608	17.27650915	18.10047526	21.29424222	20.33433904	19.41215298	20.37860427	17.25165183	18.42428182	19.87885671
LST1	17.47789319	17.23646157	17.86982206	16.31926939	16.74980792	17.01935131	17.75006348	17.96670746	17.58490112	14.10837223	16.69614287	19.76914643	19.64001051	18.15093625
CD1D	13.85941356	14.68776261	15.759075	12.92519151	13.87281882	12.5548841	14.94923168	14.60596011	14.81590667	13.67025112	13.11763148	14.98973105	16.45097668	13.78836617
RORC	17.94033355	18.58747305	17.66391777	13.74831375	17.23307503	18.35827012	18.48135174	19.16667507	16.71689666	17.06920163	16.44655297	18.69222443	17.89104298	10.98101125
SKAP2	20.83786736	20.20664591	21.0273225	20.09331716	19.09867509	21.48493905	22.00085564	21.98226313	21.28101491	20.69261893	20.22564377	22.12624754	21.86082016	19.0308598
HLA.DMB	18.21425628	18.39644296	19.20260641	17.22287206	11.3423041	11.85444438	18.63558476	19.73524313	19.09601459	13.92550817	13.47320685	21.45612856	21.61044441	13.56597375
TOP2A	22.8421878	21.478579	19.86091101	21.86031877	21.92340004	23.05863341	19.84085552	22.87895034	22.67452207	22.51057221	22.28078407	21.0916581	20.85333505	21.17207047
IL4	12.27445106	12.52549118	8.619523646	10.44714421	8.172379097	8.854444385	11.18673099	10.4095629	9.201196826	12.0379829	9.157989231	9.234843547	14.43161136	10.98101125
KLRF1	15.03344296	13.99115475	13.47750464	15.57642723	14.81623529	14.6873344	16.84290045	17.68878654	14.48659905	14.92550817	15.02666564	17.61854784	18.1646725	10.98101125
CCL21	19.87950313	16.13879831	16.69098601	21.46315653	19.31320887	20.31438823	19.34010207	20.35598186	20.43301801	20.18315084	20.36358454	22.28995648	23.38957614	14.30293935
HLA.F.AS1	14.24643668	11.94052868	13.01184107	11.96171739	8.172379097	15.04426894	13.58882944	14.14652849	12.52312492	14.10837223	11.72612181	13.14173414	13.02951292	11.98101125
HGF	15.94905077	15.11045368	18.23974347	14.63978929	15.73462152	13.5548841	16.38500062	16.98950733	16.22356464	15.58641952	14.6430983	16.76622501	17.60586229	14.44044287
ID2	16.8868943	16.52549118	17.29194899	18.84374899	19.28677215	18.35229622	16.7544155	17.68878654	16.44437081	17.80616722	18.82760579	20.30295002	20.66302716	16.8636543
CD44	20.2753178	15.13317376	14.1430856	15.04918023	14.72696795	14.85444438	17.35951565	14.3164535	20.79482138	17.63193418	14.87686419	16.14173414	15.43161136	15.06847409
CCL17	16.71866958	18.89887424	16.9324066	16.27278449	15.45778132	16.19429439	16.20592456	16.51808736	17.99398712	16.99217921	15.9749534	18.43941469	18.48660059	15.56597375
MKI67	21.1309963	20.30403771	18.08100309	21.57172714	21.3306732	21.85690782	19.93970891	21.02672422	21.5928432	20.56624164	21.58643605	20.69273738	20.35850834	20.40727601
IL1B	18.45665439	20.8916052	18.53540302	16.55865253	19.11122355	17.36619704	17.73692808	19.03648869	17.88594545	17.62894414	17.67869104	18.55902409	18.73982738	19.89987449
IRS1	20.92936244	21.32854596	21.58296164	20.40217133	19.69201535	20.3261196	21.71113278	22.18928226	20.6925489	20.80086319	20.14010209	21.25512905	21.15769141	19.83276029
POU2AF1	18.81360987	16.72936351	16.76418189	18.13364474	18.35973117	18.58406513	17.38780469	18.22547984	20.31591522	20.72658291	18.35914701	20.54204436	20.67130664	13.56597375
IL1A	15.94033355	19.06612665	14.57371996	12.96171739	14.77229194	11.85444438	17.19315726	15.09138694	15.99561269	12.41649452	13.19615124	16.02925941	15.90865852	17.44044287
ID3	17.0975733	18.04306684	18.56496748	16.99072847	17.08526843	15.52686973	16.60819476	17.65749041	17.30972128	17.01983555	16.53428888	16.91432365	17.45577767	17.47286435
CD22	17.27445106	16.34749288	14.66391777	17.70318437	15.76483613	16.26383532	15.92627053	17.66065075	17.45386226	17.942467	16.57728527	18.9054998	21.00965249	10.98101125
CD63	22.78323622	23.60776697	24.49915475	22.33278612	22.29050907	23.28672528	24.49979622	24.09072809	23.38386275	22.69797879	22.63667349	24.12163563	23.65991007	23.85426309
SNAI2	20.35700955	20.32268949	20.01076724	19.79175716	18.57964686	17.36223903	17.62255006	18.51110093	19.94771115	19.76454168	18.57788102	18.57913945	18.98370923	20.78675512
PECAM1	17.26400931	18.93245538	18.07690452	14.01482872	20.62590696	19.75907901	22.55905195	16.29220595	16.58490112	16.72728206	18.13327156	18.95423237	16.62303743	21.74588284
IFITM2	20.14955059	21.53565293	21.39348701	18.88236798	20.87714734	19.5548841	20.07155565	20.85767921	19.93166696	20.15068303	19.77146647	20.51851071	20.86691559	21.31640161
IKZF4	13.52820765	12.45510185	12.31996336	13.34022901	14.64811253	13.94190723	14.99408592	13.5794879	14.30972128	15.30101731	13.97674959	15.55677164	14.50756021	10.98101125
IL3RA	18.06185137	18.04006435	18.58530793	17.35059573	17.88146291	17.6358041	16.11408569	18.18873505	17.17274038	18.25908663	17.62262091	18.00302787	19.36936292	16.68145097
LAMP1	20.1556827	19.60383263	20.50902761	19.69710417	19.16673253	18.83601167	20.26125478	20.08080909	20.12154968	20.14755241	19.23328279	19.22068548	19.6989042	20.39886377
BCL6	23.13093644	20.77341869	21.3195298	20.95720191	20.54578806	20.3828985	22.09254776	22.08125138	21.81774567	21.23642794	20.62862949	20.67985839	20.62250379	20.1855824
PMEL	14.0975733	13.83361348	15.20448615	14.81969838	14.90029955	15.85444438	14.23735707	16.39445601	15.91544234	15.14231956	15.19148077	15.09282454	12.80712049	10.98101125
TRIM29	24.31571532	16.51687805	15.4650137	22.30318061	19.45430912	20.0473536	18.59733377	15.3164535	23.37616151	21.58352661	20.60161444	16.93528327	9.222157994	18.38189069
GUSB	20.20655222	20.54415502	20.60109093	20.7684281	20.4485035	21.39239075	20.86495384	21.11778463	20.31754079	20.68039567	20.86977412	20.66320372	20.80053069	20.06581964
FCGR2B	15.6825358	15.74050407	16.56789088	14.73782137	13.1723791	14.66179931	15.61778081	15.86899452	17.44198816	16.45752179	14.19066659	17.57913945	17.95347702	10.98101125
ISG15	19.30533037	20.52092186	20.37064923	18.64891808	20.8777955	18.83172431	20.24007511	18.63517203	18.80760204	19.97520957	19.45281263	20.36025702	20.78249083	21.40622715
MAGEC2	8.57401134	8.133173757	20.52453451	9.961717387	19.16319218	12.02436939	8.379376073	18.39065444	8.201196826	8.716054805	13.71642632	9.234843547	9.222157994	10.98101125
CCL20	20.93046331	19.18642088	15.41393951	15.84924266	17.48299188	16.66179931	16.76308037	17.6255003	20.30448463	17.56780385	16.66467795	17.49223139	17.87320969	15.62486744
TFRC	24.98924145	21.47260625	20.96631437	24.16801445	22.09124233	24.04831621	21.91209725	23.27291033	24.22836851	24.37602283	23.43585766	22.13476686	22.26962277	21.68404964
IL6	14.80283003	19.92515058	17.70433203	12.9973413	16.78708894	16.25532382	15.8551095	18.77734165	16.35094395	16.56780385	15.34658469	15.30093274	16.28824718	17.56597375
B3GAT1	14.50474868	12.13317376	17.84834234	11.96171739	12.63181072	14.8086407	14.07981579	15.2675439	13.20119683	14.67025112	13.13405627	12.23484355	15.19943792	16.70893171
CXCL1	22.24378223	23.0831828	17.70433203	19.65450722	21.99096127	20.70384949	23.36681775	22.13365036	20.37080871	20.72728206	20.78310599	18.99139987	19.03914162	21.61036787
MTOR	19.67006758	19.59209296	18.89681105	18.93441004	19.45314987	19.98822879	20.19395854	18.90275121	19.53770339	19.62969223	19.45859623	19.79899304	19.71501261	19.03629369
IFNA17	14.93156334	16.49949597	17.19317083	9.224751792	18.41317043	17.40133884	17.46152511	10.4095629	13.98255654	12.0379829	15.01308702	17.68192677	9.222157994	21.07904333
ADORA2A	14.50474868	12.94052868	14.5021667	14.26914591	15.07926969	14.85444438	14.16073579	12.52504012	13.33047984	14.90587936	14.73428666	16.41475264	16.86601418	14.68145097
LCK	10.15897384	12.2206366	15.55026098	11.88771681	15.10311643	12.17637248	13.23735707	16.20830469	12.00855175	15.41649452	13.05573524	12.55677164	11.54408609	10.98101125
CDKN3	12.27445106	12.65673571	11.42687857	16.37110832	13.78708894	12.43940689	11.83880769	12.91206324	13.05917782	13.17548642	14.19920138	14.98973105	14.30962084	12.56597375
PGF	18.81360987	17.77341869	19.40660997	15.39467679	16.78708894	17.66179931	15.39060333	17.07726583	18.35094395	16.56154486	16.61452168	16.80469916	17.02305789	18.94101318
MAGEA12	8.57401134	8.133173757	15.0457884	9.961717387	17.16673253	15.1398466	8.379376073	13.28403202	8.201196826	15.07360681	14.08943217	9.234843547	9.222157994	16.78836617
LEXM	15.18872118	13.55943851	12.42687857	13.39467679	13.1723791	12.313876	13.54930107	14.75533774	14.54104683	13.41649452	12.96031063	13.69427517	14.02951292	10.98101125
BAGE	8.57401134	8.133173757	18.27415967	7.639789292	16.53432287	8.854444385	9.379376073	14.1821524	8.201196826	16.0379829	11.00951885	9.234843547	9.222157994	10.98101125
CEACAM1	19.24820361	15.83361348	18.83141194	16.28724772	18.06568063	17.88786739	19.36165668	20.01689321	16.83055345	18.74810053	17.41359858	19.31566107	18.80524076	10.98101125
KRT7	18.66808903	22.38295387	22.42768342	12.39467679	20.593655	20.05595573	24.79230972	23.24014413	18.87362217	17.33444031	17.68142917	22.38807889	22.15418815	20.63922273
CTAG1B	8.57401134	8.133173757	10.20448615	10.44714421	13.45778132	8.854444385	8.379376073	8.8246004	8.201196826	12.30101731	10.91978997	9.234843547	9.222157994	10.98101125
MAGEA1	8.57401134	8.133173757	12.20448615	11.88771681	17.72696795	10.85444438	8.379376073	13.34816236	8.201196826	16.38848015	13.48970971	9.234843547	9.222157994	10.98101125
NRP1	20.97595746	23.32511973	22.74590548	21.37513376	21.0421657	21.43376032	23.19060023	22.39647153	21.31656566	20.94907523	21.28368659	22.50674422	22.12942424	22.05381379
HIF1A	23.04467021	23.22423718	22.1999	21.12951184	21.74507932	22.40927303	23.77192829	23.15866414	22.66752825	22.12769819	21.76128806	22.43206024	22.37349171	21.98382627
MAGEA4	8.57401134	8.133173757	14.76927077	10.63978929	17.60909064	8.854444385	8.379376073	8.8246004	8.201196826	13.96398232	12.36777477	9.234843547	9.222157994	17.5356001
HMBS	16.84079788	18.62902878	17.53241298	16.24341564	17.516675	17.1536524	16.91465145	17.36763222	17.57623626	16.27829723	16.97124768	17.1174866	17.01657386	17.78836617
KRT5	26.67187373	21.19454495	17.96603738	26.68140032	21.4040503	20.95937069	17.29823931	16.32444629	26.76675265	25.77116774	23.01494044	17.72268358	14.89458334	18.70893171
LRP1	16.30193179	17.92921337	19.79195115	18.20774537	18.31576231	15.64886025	16.75006348	16.76123834	16.86297492	16.90093015	17.39078931	19.26274954	19.18649886	17.00337906
HLA.DPA1	22.51404959	23.84395329	24.42244384	23.25972266	21.32276107	22.10014563	19.65317167	14.52504012	24.54049013	25.12430161	22.22754312	25.43325022	25.32491289	18.17083581
LMNA	22.26313574	23.12584661	22.73627371	19.77902086	21.50721103	20.94621032	22.3169338	22.52308804	21.77057779	21.59563805	20.7441474	21.12434751	21.03834168	23.43376728
PTEN	20.93293721	20.31183861	19.82409479	21.63334691	21.1159928	21.60032875	22.46518045	21.32145418	21.48602093	21.34472817	21.44988949	22.2071054	21.94453863	19.59939675
MIF	22.95798557	22.01007435	22.54145754	21.58770013	20.89966143	21.51733524	23.67611308	21.88833252	23.00245048	22.39234249	21.33489893	20.78799282	20.67491402	23.34021174
LCN2	24.45514921	18.89139697	15.65294665	20.78826587	21.86619271	21.27045017	21.85700787	25.40505036	22.2755892	22.62482269	21.30830292	20.76817328	20.08402033	17.19046462
IKZF2	19.65282929	18.02343803	17.68021958	17.885342	16.99255806	17.35029941	19.71532464	18.28812477	18.15393807	17.06035071	17.40939982	18.66320372	19.51332869	17.30293935
TNFSF9	15.71356269	16.66455522	17.59966322	13.06605405	16.37205144	14.96296884	15.67399682	15.53884592	13.98255654	14.38848015	14.80035811	16.40476855	16.42183034	17.70893171
CD209	17.28481777	20.57326428	18.73065932	18.40880061	18.12948114	18.38582585	18.36664008	18.20397877	17.81037556	17.99217921	18.30803587	19.07562147	19.04393198	19.91764919
CD276	17.20700654	18.59362965	19.41393951	15.47267931	17.10311643	17.34228442	18.06237066	17.89068959	17.22078755	17.79820385	16.63936005	16.94220268	16.98370923	18.75579831
MAGEA3	8.57401134	8.133173757	15.31996336	9.224751792	18.033466	17.22948382	8.379376073	13.731491	8.201196826	14.92550817	14.82923387	9.234843547	9.222157994	17.06847409
CCL18	19.61567049	21.97218066	16.84352532	18.23970213	19.46239794	16.05411673	20.22054726	21.95065952	19.95691898	20.02097647	17.91873893	17.81980605	17.99364746	17.35605068
NTN3	15.59637915	12.45510185	14.76927077	12.54667989	12.56469652	15.45435723	10.37937607	13.46845659	14.43001552	15.0379829	13.52191121	9.234843547	12.92259771	16.26641347
BRCA1	19.24378223	18.11901569	16.82409479	18.38209873	19.03965784	20.14734114	17.10388993	18.24245291	18.76152966	18.92672615	19.18969924	16.97631053	17.52136601	18.55086686
ABCF1	20.83816068	21.13334986	21.41677986	19.90041485	20.53185415	21.80135066	21.56068365	21.04073996	20.74543683	21.53822727	20.74453989	20.63305281	20.48952993	21.454717
IFNB1	14.84079788	15.59260538	15.98584586	9.639789292	17.50553445	17.25104917	16.60337775	11.8246004	12.59351425	13.7160548	14.79879097	16.343368	12.22215799	19.78514227
ITGB1	22.86208435	23.77632533	24.42991955	22.6629372	22.56503193	23.59638531	25.30428134	24.59668296	23.19912605	23.27309961	22.94145148	23.29672098	23.34045023	23.65432033
TNFSF14	15.90492822	16.13317376	13.82897701	9.224751792	11.49430719	14.17637248	14.99408592	15.34816236	14.69304992	15.5740358	11.63181049	11.55677164	14.50756021	10.98101125
ARG1	13.66147418	8.133173757	8.619523646	10.80971429	11.7573416	15.19429439	14.96433857	12.9945254	9.201196826	10.7160548	12.58711676	9.234843547	9.222157994	20.06049604
POLR2A	15.14386695	14.84741927	15.53838688	17.11146451	17.57539112	15.12123093	14.50865909	15.11000262	15.07156155	15.92550817	16.60269552	17.343368	17.92606157	14.44044287
CDK1	22.97609074	20.89056377	18.70698649	21.74168291	20.91426737	22.38155481	20.44277115	21.544417	22.42979008	21.25739346	21.67916836	20.65638245	20.61340158	20.1484294
ENTPD1	20.41675452	19.64393793	21.4379061	18.83269851	19.67769445	20.09284912	19.78929731	20.01133369	20.24559095	19.31875367	19.53441403	20.04942601	20.55251471	19.79799487
PVR	20.8228284	20.70065456	21.27012667	18.5201381	19.93642131	21.48106604	21.66795381	21.50165932	19.36106816	19.64974546	19.97920848	20.66320372	20.35015231	22.21941599
ZBTB46	15.73388268	16.16107975	17.37441115	14.03210671	16.29132017	15.60933189	16.21857986	16.51110093	15.42036535	15.19178824	15.31091959	15.1174866	16.57971	16.70893171
TUBB	21.6426217	22.07550498	21.97335967	21.70705557	21.35926711	21.87125267	23.0250345	21.26105169	21.80956717	22.53792842	21.64585845	21.46516426	21.53872238	22.37708081
MMP2	22.03740799	24.63027711	24.70289909	20.08221448	22.2122406	20.29738788	22.01373337	23.57022221	23.54222911	23.10137798	20.86394765	21.35993409	21.38769314	21.55938394
TNFSF18	18.13816083	14.2206366	18.84713959	16.04493075	13.7573416	15.7248091	16.31601401	15.23399134	18.81498629	17.38139072	15.17569382	17.29012598	16.24452581	11.98101125
CDKN2A	13.85941356	17.79316965	15.37441115	19.55305272	17.29908357	18.60766113	20.44108478	13.52504012	20.99622181	19.72378292	18.48659914	18.22919698	17.58410177	15.73589875
SSX2	8.57401134	8.133173757	8.619523646	8.639789292	16.05502215	8.854444385	8.379376073	8.8246004	8.201196826	9.716054805	11.18308528	9.234843547	9.222157994	10.98101125
HLA.DRB1	23.09696061	24.71141376	23.98506009	23.70016859	22.61214506	23.48993579	25.19276899	24.47186206	25.16618064	23.93707543	23.26741648	25.81514629	25.76522003	19.1855824
MAGEA10	8.57401134	8.133173757	18.40905729	11.22475179	19.54524416	18.37408064	8.379376073	15.49702574	8.201196826	11.0379829	16.38135886	9.234843547	9.222157994	21.61309766
MYC	20.71803221	19.89430941	19.22222251	19.94242822	18.63896543	19.08326308	19.82852472	19.74420864	21.64517637	18.58024095	19.22155224	18.59239555	19.19943792	20.8249323
PTK7	20.87207391	21.59439738	21.58873027	20.01156594	20.98996239	22.32979784	22.04537811	21.78568829	21.81510137	21.59410572	21.11044206	20.76914643	20.53900518	20.99223851
SDHA	22.00354885	21.01944191	20.90319081	21.30545831	20.7112955	21.03497519	22.07090151	22.13663246	21.26155501	20.73112134	21.017243	21.17809094	21.13803737	21.15343876
CTAG2	8.57401134	8.133173757	16.02040308	9.224751792	19.32972603	8.854444385	10.37937607	8.8246004	8.201196826	19.61238721	12.46964074	9.234843547	9.222157994	10.98101125
KREMEN1	19.65282929	15.88806126	17.02040308	19.45316968	19.55770227	15.24676181	17.52148313	17.26339225	18.83146395	19.43544363	18.08587792	18.06139203	17.62729946	15.44044287
NECTIN2	16.48690068	16.83014128	18.06246714	15.44714421	17.87628267	16.52686973	18.87622985	17.42079016	16.58921411	16.33810662	16.61676554	17.51561432	17.58848021	18.4486168
GADD45GIP1	21.83036748	22.05946975	22.68072605	19.81284175	20.46757405	20.7267345	21.49067479	20.86865293	21.26442336	21.46822635	20.33571677	20.857353	20.89059982	21.9725331
